These are the minimum numbers for 100:/n
2542
2543
2826
2825
2543
2260
2260
2543
2260
2260
2261
2260
1977
2543
2543
2826
2260
2260
2260
1978
2261
2543
2260
2543
1978
2260
2261
2260
1977
2542
These are the maximum numbers for 100:/n
1978
1978
2261
2261
2260
1978
2261
2260
1977
3390
1978
2260
3108
2261
2542
2260
2260
1978
1978
1978
2261
2261
2260
2543
3956
1978
2260
1977
2260
1978
These are the sort numbers for 100:/n
285369
39838
41251
39273
15257
4238
3673
3390
3108
2825
3673
3673
3673
5085
4803
4521
3956
3391
3391
3107
3391
2825
2825
3955
3956
3391
3673
3955
3108
3108
100 70915 68941 511682
These are the minimum numbers for 1000:/n
16105
92956
16105
16387
16670
14692
1695
1412
1695
1413
1413
1413
1695
1695
1413
1412
1413
1696
1413
1413
1695
1413
1413
1695
1413
1695
1695
1978
1695
1413
These are the maximum numbers for 1000:/n
16387
72331
14975
16670
15540
1413
1412
1413
1413
1413
1413
1412
1412
1413
1413
1412
1413
1978
1413
3391
1412
1412
1413
1412
1413
1413
1412
1978
1412
1695
These are the sort numbers for 1000:/n
90414
216145
52553
58769
53683
60182
56226
70070
55378
45207
37861
37861
39838
38426
37861
37578
37295
201453
38708
38991
38425
38143
37578
38708
38991
38426
38143
48032
39838
44359
1000 281126 243550 2216824
These are the minimum numbers for 5000:/n
7064
7346
7064
7063
6499
7063
7064
7911
6781
6498
7064
6781
6781
7063
7063
6781
6781
7629
6781
7064
6781
6781
7063
6781
7063
7063
6499
6498
6216
6781
These are the maximum numbers for 5000:/n
6499
6498
6781
9324
5933
6498
6781
6499
6499
5933
6781
6781
6498
6499
6499
6498
6498
6498
6499
6499
6216
6498
6499
6498
6498
6499
5933
5933
5934
6216
These are the sort numbers for 5000:/n
244117
236206
243269
283391
243835
237336
244682
241291
236206
241856
239879
239032
237336
242704
238183
238749
242986
240727
244400
235358
233380
237901
246659
244682
245812
236206
237054
246942
239597
243552
5000 488793 439069 9480152
These are the minimum numbers for 10000:/n
13280
14128
14127
14410
13844
14127
12715
12714
13845
13844
14974
13562
13845
12714
12997
13280
14128
13844
14127
13845
13844
14693
13562
20625
14410
13845
24581
12997
13280
12715
These are the maximum numbers for 10000:/n
12997
12997
12997
12997
12997
12997
12149
12149
12997
12997
12715
12997
12997
12149
12149
12997
12997
12997
12997
12997
12997
12997
12997
12997
12997
12997
12150
12997
12997
11866
These are the sort numbers for 10000:/n
521856
528073
521010
521292
524965
524400
528072
514793
521574
519031
531746
521291
527225
528356
518183
522422
521291
526377
519314
536267
521574
521009
522987
532876
522421
522987
517901
519879
526943
516488
10000 917695 823327 25182755
These are the minimum numbers for 50000:/n
67810
68092
62442
64420
66397
68375
82220
64138
64420
63007
63572
78830
69223
67810
67528
66398
68375
64420
72614
69506
64702
61594
68375
69505
73179
66680
70353
64702
62159
66397
These are the maximum numbers for 50000:/n
69505
59899
59899
59617
68092
64137
64702
67528
59899
60181
67811
65550
64420
64702
64137
64419
64702
59899
64420
64137
59899
59617
64419
64702
76287
64702
64137
59899
69223
64420
These are the sort numbers for 50000:/n
3031685
2999757
3732391
3005973
3033663
3059374
3033946
3006256
3003431
3001736
3000887
3036771
3018688
3246700
3010776
3027729
3088759
3006256
3032250
3048355
3023491
3025469
3001453
3000605
3016711
3031685
3206013
3054006
3024339
3001453
50000 2944938 2748288 116993363
These are the minimum numbers for 100000:/n
152574
139011
130535
142402
138446
138446
148335
129405
141836
141272
137598
133925
143249
141272
129687
139294
147770
139576
140142
129687
140141
132513
129687
142684
140142
130535
148900
146640
148618
141271
These are the maximum numbers for 100000:/n
132230
128557
130817
128839
130818
143249
130252
120081
144945
128557
128557
131100
128557
129122
137316
129122
141272
129405
128557
133643
146640
119233
131665
129122
128557
119515
128839
128839
128557
129970
These are the sort numbers for 100000:/n
6474187
6437174
6478425
6502159
6448193
6461190
6500746
6504419
6452149
6440282
6487184
6590030
6445933
6454692
6448476
6445933
6436892
6578163
6428133
6552451
6459777
6454974
6440565
6447063
6498486
6485489
6435196
6444520
6485771
6436609
100000 7130531 6674221 311148624
These are the minimum numbers for 500000:/n
694208
730656
705227
709183
724722
663411
689970
708900
699011
729525
713986
709182
713138
799031
737154
710878
759758
726982
750998
754389
717093
708053
685167
724439
656629
706357
717941
959233
738284
705227
These are the maximum numbers for 500000:/n
658042
657195
662281
658325
671040
658325
673582
659737
664823
659738
655782
658607
661150
658608
674712
658890
658325
655500
671039
657477
656347
661432
658042
659737
659455
666518
657760
704945
654087
656064
These are the sort numbers for 500000:/n
32855780
33514669
32764800
32747565
33442338
33110067
33198504
32584256
33101592
32947324
32879796
33136345
33315476
32767909
32782035
33338080
32848716
33414084
33014286
32895900
32860866
33481894
32774407
32949866
32721006
33334972
33015416
35089845
33043953
32873862
500000 28879263 26541786 1303954233
These are the minimum numbers for 1000000:/n
1407064
1433623
1425146
1431927
1391523
1316650
1323996
1400283
1489001
1441816
1443511
1472613
1433905
1411584
1392936
1401978
1470636
1429101
1422886
1447185
1379092
1415257
1473179
1437861
1317780
1356489
1420061
1481372
1448315
1450575
These are the maximum numbers for 1000000:/n
1385590
1359032
1356489
1342927
1372029
1343774
1365247
1353381
1333603
1360726
1379657
1354227
1335580
1334450
1334167
1341797
1351402
1343492
1348577
1346599
1381635
1347729
1340949
1337558
1334168
1345469
1364117
1359314
1360444
1363269
These are the sort numbers for 1000000:/n
63472407
62075798
62025504
61520883
61761610
61715272
63041528
61912488
62365969
62763506
61354748
62813517
63424374
61698037
62112810
61587280
61631640
61371700
62841206
61786756
61300782
61500823
62237977
61688431
63264172
61314627
61354183
62508936
61565242
62416826
1000000 71446608 67119184 3166383265
These are the minimum numbers for 2500000:/n
3693118
3292189
3512855
3588012
3530373
3446740
3635762
3575015
3564844
3606094
3549586
3568516
3472451
3623895
3564279
3519637
3489687
3622482
3569646
3529526
3559475
3525570
3504662
3536871
3563996
3569929
3556084
3362260
3620786
3578405
These are the maximum numbers for 2500000:/n
4324601
3711483
3580383
3566539
3576710
3582361
3569929
3556367
3639717
3568516
3606659
3628132
3591402
3549304
3558062
3563713
3585186
3565973
3556650
3565126
3536024
3583773
3553824
3555237
3627286
3575297
3541109
3575863
3683511
3626438
These are the sort numbers for 2500000:/n
159341178
154313610
154865134
154711431
155081844
156595991
155737909
155221985
155852339
155475992
155591834
155619523
156052096
155496052
154594175
156357243
156336052
155867313
156522530
155520351
156899160
155612177
154875022
155446042
156053509
156599099
157359987
155643257
154704649
155290926
2500000 177779353 175424359 7840021675
These are the minimum numbers for 5000000:/n
6859293
7122905
7008193
7090978
7191563
6998869
7065550
6752775
7111886
7145226
7024863
7089283
7129404
6961856
7111321
7125731
7171220
6956206
7142401
7134207
7256266
6885287
7013844
7220383
7271523
7092674
7072331
7237335
7124035
7096912
These are the maximum numbers for 5000000:/n
7133360
7089848
7928436
7176872
7070635
7163310
7135620
7183653
7115842
7134490
7142119
7139010
7103693
7205126
7044641
7128839
7094934
7110474
7091826
7929565
7148617
7030514
7100867
7124601
7096064
7767386
7134208
7239313
7198062
7146640
These are the sort numbers for 5000000:/n
304586292
303862700
308591902
307547059
307730429
307204900
306144234
304052286
310220479
310535515
312808572
308239007
307810954
306722599
306842114
304370429
306448815
304528371
308271782
308729784
305939107
307308310
304968573
305057573
306034890
312528007
308944233
304401227
310384355
306044779
5000000 390243673 391532924 17056880952
